768
328
478
777
23
582
145
334
361
349
660
195
304
493
772
132
89
959
419
24
547
409
358
25
406
331
42
328
136
65
298
765
995
360
940
40
457
662
265
249
6
838
531
730
450
173
998
966
622
590
453
741
647
107
715
449
834
794
346
462
860
86
630
773
227
262
266
886
366
273
428
372
452
612
681
609
586
682
500
548
143
561
343
653
476
2
846
860
454
709
776
673
549
47
761
695
427
135
607
389
66
897
119
495
243
971
750
680
956
97
710
413
161
670
4
387
929
958
534
682
172
667
324
284
968
490
850
106
571
850
805
702
12
54
886
891
63
320
199
512
180
474
822
692
867
434
411
637
390
267
895
889
396
484
177
966
981
417
979
628
726
890
285
157
794
44
446
837
557
829
948
978
190
271
941
363
395
991
725
137
426
706
298
670
717
175
655
277
956
295
371
527
632
188
34
373
426
709
955
767
558
317
256
131
959
896
199
517
80
938
557
1
502
377
718
294
259
134
95
183
395
103
814
922
934
602
425
276
344
605
788
222
905
363
215
152
746
694
949
307
473
100
201
373
618
96
481
294
496
122
713
609
287
281
962
384
185
760
702
785
149
592
189
260
968
843
970
241
430
288
193
781
481
492
655
450
119
22
45
951
600
685
579
193
344
507
544
391
870
73
731
280
791
898
914
837
761
656
154
183
907
744
117
903
545
438
891
246
749
804
248
939
909
667
697
831
38
60
79
686
399
55
112
482
268
732
91
158
891
820
973
912
61
305
870
951
826
285
860
516
604
322
876
215
940
622
406
907
358
977
429
800
48
532
674
27
307
314
63
622
213
299
890
303
681
332
4
297
817
210
825
14
737
489
926
205
697
913
433
589
752
14
351
474
691
96
268
681
195
935
763
938
921
900
490
76
473
933
756
294
245
304
3
955
266
85
88
530
157
525
168
9
952
333
149
510
700
859
856
62
244
601
293
295
418
97
776
193
227
119
520
232
547
961
243
939
54
914
560
688
734
397
116
16
422
967
737
49
982
126
970
346
820
895
372
230
486
489
644
714
979
397
360
448
272
21
453
620
848
46
378
678
511
77
278
707
163
351
376
694
153
693
727
255
672
960
345
619
966
999
896
286
215
950
31
411
375
211
539
883
453
796
225
358
387
128
166
171
914
295
981
827
199
633
251
661
667
563
701
597
309
614
46
378
413
492
568
337
936
278
477
229
497
557
215
758
771
232
823
156
735
265
104
658
918
484
937
773
668
830
817
262
224
744
43
537
71
373
256
217
236
49
763
423
401
990
513
652
941
436
411
143
297
424
826
295
893
95
481
293
976
323
129
923
762
393
903
747
815
375
226
564
175
796
403
567
761
460
884
30
185
421
44
129
377
38
973
750
731
754
846
993
105
124
2
568
717
722
467
6
564
678
761
985
971
257
583
49
706
389
651
198
677
875
473
378
19
758
489
210
969
608
377
873
119
529
147
745
583
677
536
538
180
93
266
343
586
793
688
739
124
862
682
129
221
559
600
418
6
682
417
462
63
641
646
601
499
402
122
31
238
357
629
8
341
700
24
708
844
882
382
563
379
933
740
965
244
826
711
812
448
908
568
490
715
469
966
49
1
808
141
703
374
148
699
411
477
160
947
159
778
450
115
207
467
348
146
354
740
11
503
256
444
102
554
502
406
265
853
886
811
875
490
206
474
756
769
508
376
573
186
822
793
385
203
619
492
258
430
379
917
693
501
542
786
967
435
308
855
694
284
878
901
9
992
878
678
587
835
323
485
62
7
355
925
786
550
794
897
366
101
700
684
437
915
125
793
887
477
464
375
187
974
730
593
374
480
909
439
777
202
898
170
460
869
323
775
334
420
95
437
891
278
325
220
894
715
603
8
109
822
368
502
221
469
668
738
639
553
800
725
883
184
314
419
956
360
621
400
36
513
34
936
972
641
215
996
148
42
46
20
362
402
389
469
293
883
377
988
83
27
921
776
68
652
280
30
31
376
578
30
112
933
960
241
8
279
105
41
454
90
277
669
612
539
246
206
578
686
620
726
385
841
416
833
799
252
490
737
369
391
268
718
531
583
696
509
599
743
743
709
434
744
348
610
565
991
749
270
942
891
182
398
892
605
192
677
351
324
672
925
128
433
465
533
761
737
919
517
47
452
914
795
423
416
644
465
53
168
556
366
211
992
352
851
702
752
720
998
211
748
97
470
110
165
517
967
85
950
43
908
927
676
695
473
283
319
106
552
442
787
428
605
460
65
797
629
924
17
679
877
907
581
166
454
828
450
928
748
328
828
641
81
461
874
41
773
969
436
689
150
800
1
914
26
960
318
249
794
395
539
886
754
312
857
572
489
317
21
37
350
524
633
336
601
648
951
378
431
593
30
5
936
413
728
924
62
525
955
837
342
453
865
821
121
356
593
688
458
189
243
501
857
724
75
159
446
624
145
361
113
365
490
319
740
369
914
946
89
415
591
319
749
836
757
924
999
115
51
185
19
471
438
164
443
875
423
181
745
734
683
55
883
496
885
90
329
625
377
410
717
576
479
808
780
911
178
637
88
371
369
57
376
104
503
918
275
265
613
479
714
243
421
344
897
514
463
16
649
787
478
367
891
675
523
492
381
802
734
221
847
63
678
522
586
340
425
173
444
396
745
601
18
842
81
486
161
399
390
360
185
258
993
960
65
436
274
324
721
783
187
115
637
828
717
826
225
74
371
985
542
664
598
534
494
821
447
671
189
937
516
404
70
412
669
409
561
248
259
346
558
191
40
319
506
139
244
700
110
666
215
855
186
678
20
702
208
228
731
566
175
369
302
445
423
165
313
428
195
226
680
129
560
877
891
212
774
832
312
210
470
365
361
506
33
952
724
516
296
583
370
652
906
334
468
979
56
590
635
276
924
787
807
909
551
650
108
474
237
866
590
359
512
745
140
445
254
721
571
387
695
361
538
972
224
283
298
592
885
346
718
536
930
118
654
413
17
24
233
393
151
369
730
735
788
856
724
665
299
715
864
135
200
210
78
820
914
665
490
161
192
256
567
844
917
316
192
805
21
119
390
598
279
47
105
89
636
310
645
375
574
310
596
168
7
44
597
677
755
902
803
770
734
113
895
272
717
445
156
951
746
832
664
512
539
529
181
634
694
43
955
415
573
452
719
655
223
69
774
200
205
19
851
417
664
53
738
959
208
457
264
860
376
825
584
269
147
335
969
870
282
878
251
216
71
534
309
245
165
977
794
363
371
795
193
747
827
527
42
168
230
465
775
892
841
416
570
174
477
700
251
392
294
455
647
46
388
866
657
196
427
477
238
324
883
224
775
672
615
865
176
774
387
223
291
60
483
713
656
253
704
532
328
82
131
4
470
230
535
35
363
345
828
239
476
888
645
126
262
314
4
158
363
876
993
427
416
615
875
599
72
646
878
246
187
136
700
223
251
549
377
903
787
481
590
433
401
412
25
182
64
63
562
961
393
1
43
852
868
73
24
678
929
644
564
384
878
59
740
510
949
119
832
234
561
955
717
230
338
993
589
923
840
306
533
633
406
672
617
789
415
515
578
266
595
906
427
396
28
352
753
55
816
600
758
356
235
385
790
773
239
685
269
144
464
237
766
864
110
817
654
965
802
297
274
198
371
222
369
733
700
649
327
412
542
560
257
654
642
59
332
308
122
305
492
575
413
945
375
866
186
329
926
622
166
582
988
282
347
188
423
588
651
494
797
811
247
918
705
620
306
294
823
323
533
810
168
590
266
264
449
399
927
581
812
490
658
534
492
104
300
463
350
164
697
232
71
184
471
903
767
280
160
787
745
21
875
843
544
644
732
578
965
250
870
534
751
579
877
403
705
674
320
408
784
643
883
963
842
551
740
328
95
155
191
339
799
2
925
11
938
932
275
378
840
559
297
718
496
144
288
618
160
927
90
396
664
660
23
341
235
581
336
701
190
24
867
205
169
811
418
37
373
805
959
867
803
904
173
172
421
184
290
567
673
29
766
638
796
253
507
34
694
575
420
260
481
769
627
325
617
160
882
530
136
500
564
172
12
933
981
497
840
576
802
702
95
268
186
636
802
382
174
283
430
168
672
296
378
368
608
477
791
124
208
831
816
943
611
159
859
624
128
933
446
994
714
539
359
156
336
774
558
439
57
338
198
591
52
111
937
541
347
350
901
887
756
808
903
508
811
876
449
89
563
893
69
150
246
289
769
934
669
226
743
88
270
872
357
560
667
921
898
654
600
879
487
1
921
61
841
898
831
688
923
116
791
289
377
53
512
222
962
468
547
618
731
995
194
55
158
379
787
666
692
959
808
914
269
822
540
131
844
485
223
251
126
833
218
111
997
515
874
874
248
784
353
791
38
260
182
650
753
284
847
242
10
481
598
41
448
67
856
482
784
364
891
172
482
654
481
900
100
955
261
1
166
822
870
543
160
974
89
798
59
760
437
752
564
411
612
301
461
131
701
628
576
301
186
703
942
231
842
696
778
361
757
648
469
481
530
15
676
998
415
394
785
906
485
200
563
446
679
983
969
246
886
769
224
936
893
946
586
51
210
527
198
692
91
91
576
453
404
867
584
407
52
998
787
240
203
300
242
778
512
684
117
400
438
820
429
721
552
122
565
818
684
506
550
381
501
868
620
237
794
164
878
489
113
566
424
90
875
338
3
404
359
810
34
36
863
73
423
595
724
771
507
584
183
342
128
541
556
17
72
746
966
44
144
63
170
651
389
80
125
850
332
73
228
133
656
671
577
179
309
348
710
998
652
403
591
611
888
613
466
832
360
135
105
768
808
506
18
525
48
567
201
518
747
94
67
476
270
887
223
200
427
683
729
697
589
565
874
153
995
431
527
667
673
285
458
210
337
843
84
116
576
1000
999
113
758
851
823
124
677
473
615
999
441
150
827
385
440
6
427
758
399
237
36
884
837
108
388
756
194
972
614
595
294
536
774
763
394
81
513
598
443
665
652
429
103
218
377
646
801
87
470
77
847
639
11
796
208
569
472
822
20
208
233
234
277
150
803
444
475
255
955
346
147
740
234
818
104
361
756
56
113
382
691
534
172
337
321
181
818
177
691
772
441
663
502
588
135
558
982
816
714
559
764
244
599
989
807
353
135
194
562
358
124
316
169
870
874
546
679
890
504
809
761
171
191
917
796
472
35
397
994
232
529
714
821
805
442
891
859
649
89
677
704
813
583
207
617
429
330
523
217
709
632
864
155
150
585
697
714
548
860
890
900
655
194
965
680
144
712
271
271
166
27
300
845
483
902
612
257
41
79
771
97
390
982
800
762
653
994
907
173
509
598
229
413
397
929
219
872
365
76
648
20
645
437
476
434
92
380
650
721
485
382
760
509
476
219
244
528
626
922
957
182
246
707
8
829
691
764
69
797
278
843
688
780
758
771
749
226
818
876
555
787
36
452
713
973
889
974
42
5
353
119
221
25
137
244
685
87
424
557
305
751
101
967
45
361
427
7
2
328
7
426
506
578
319
130
76
473
55
109
919
616
867
953
707
104
160
898
31
642
768
702
355
41
467
778
956
758
157
77
606
216
367
516
193
858
326
934
891
842
15
659
363
693
974
13
679
600
649
928
74
9
101
294
930
227
562
581
447
559
191
859
48
757
455
723
324
999
498
69
662
693
273
260
248
550
50
815
830
966
258
18
885
162
624
530
939
533
725
319
448
65
443
842
290
86
569
976
241
258
517
265
538
266
681
480
739
22
496
513
471
843
251
743
413
677
936
775
854
501
627
174
206
344
45
316
619
236
997
743
435
820
153
726
24
195
676
620
183
616
419
884
304
913
370
769
559
538
361
217
365
818
999
717
143
761
321
53
184
145
509
158
642
734
844
781
786
208
522
529
604
285
793
470
183
422
103
904
956
440
47
348
666
858
841
940
751
258
726
289
676
78
891
858
127
22
846
22
416
799
57
520
748
307
257
993
298
720
711
829
921
464
833
619
857
820
487
950
9
505
140
534
376
963
560
835
719
959
824
17
980
253
429
790
104
250
683
49
179
577
961
250
531
81
789
586
154
485
853
993
190
25
554
157
214
773
841
12
194
980
755
922
338
738
811
966
858
572
789
249
80
402
634
68
608
792
552
21
38
359
26
996
709
284
938
838
853
423
378
773
464
190
680
836
305
333
597
659
556
744
202
472
236
746
861
736
711
862
913
704
362
29
131
507
799
343
938
445
511
455
906
447
767
953
236
61
835
113
838
477
317
338
736
721
736
879
753
406
104
893
172
980
991
483
265
214
756
117
424
440
598
175
685
473
704
315
96
479
363
427
247
760
368
399
446
695
757
878
595
987
810
985
734
805
518
513
388
714
243
982
450
334
267
816
1000
662
320
593
202
246
424
463
511
188
760
479
655
479
341
538
233
426
509
374
141
986
823
872
982
160
359
322
865
720
916
925
111
763
899
531
290
207
917
98
430
877
520
231
945
320
904
194
680
893
244
99
46
350
728
996
320
640
816
285
942
904
241
198
747
140
554
448
38
465
279
426
287
994
875
853
258
493
44
407
77
578
137
518
183
211
516
257
563
213
497
882
144
855
745
334
676
246
931
286
865
668
482
564
959
912
89
701
709
63
634
603
99
342
497
371
144
100
498
48
929
569
149
291
991
169
561
947
496
11
601
760
124
111
955
783
399
446
921
265
683
743
646
952
288
988
90
452
272
404
344
198
500
649
160
720
116
743
273
583
280
44
566
18
387
939
827
202
875
126
23
527
136
587
292
420
596
573
107
182
82
916
238
608
608
90
837
761
999
636
375
856
413
401
294
477
217
342
395
708
491
397
446
968
970
863
629
570
265
406
862
823
998
117
459
746
987
686
816
620
949
890
505
604
394
124
849
755
459
182
682
568
946
744
907
19
649
336
951
355
503
487
963
567
433
402
31
977
937
286
302
735
468
688
296
473
813
761
661
522
162
975
299
879
331
150
388
843
875
595
366
185
16
116
709
58
79
393
846
512
56
524
999
670
207
98
687
382
667
406
926
142
272
696
644
372
629
641
515
339
214
659
748
528
191
337
863
814
99
504
952
624
733
785
15
494
260
151
91
394
824
973
872
714
803
824
876
612
448
371
110
661
459
444
98
632
822
44
945
503
803
301
295
775
379
718
460
580
115
30
505
569
176
707
84
102
208
365
967
582
707
647
286
211
138
964
871
786
81
207
34
66
489
924
901
321
527
254
490
378
36
311
29
506
701
192
962
508
158
186
764
425
180
445
634
257
402
187
78
724
400
994
942
691
633
31
807
152
298
365
598
475
361
799
948
51
991
794
913
890
688
284
208
924
173
787
20
237
141
130
472
250
136
770
817
360
546
66
17
814
676
861
518
563
697
68
362
980
204
982
796
128
909
779
169
21
27
191
590
771
273
411
896
328
673
45
570
742
5
872
137
814
436
891
561
558
435
954
787
251
416
999
292
813
634
330
11
415
514
996
239
829
808
746
253
868
177
730
933
735
188
112
812
810
88
973
744
235
688
251
683
559
588
420
537
596
738
199
523
542
441
941
164
284
652
194
141
154
714
286
102
80
216
724
180
391
784
103
165
36
703
906
702
886
971
267
673
629
703
650
214
752
954
444
4
847
694
969
145
114
578
662
841
312
46
828
303
71
742
197
433
813
57
104
283
346
376
200
54
393
811
237
3
426
203
587
330
521
622
82
406
814
557
51
838
316
807
158
323
375
484
518
356
179
520
849
485
761
809
487
733
346
730
917
946
142
568
222
949
706
247
564
189
549
507
875
304
94
98
497
128
981
344
712
790
538
133
845
522
944
435
864
533
101
922
13
394
944
189
955
636
325
306
107
263
331
488
818
538
323
657
167
622
138
93
88
891
506
51
351
380
753
940
628
833
544
521
360
352
796
304
147
597
397
279
189
806
5
812
699
229
840
897
829
364
904
640
687
528
380
182
205
27
808
891
162
315
395
866
22
935
252
250
932
734
852
745
4
236
944
456
124
652
301
918
66
660
718
433
118
429
848
676
857
773
511
947
732
451
679
348
478
650
298
254
110
334
399
950
408
932
491
701
278
705
591
337
414
714
852
951
97
570
10
308
458
318
514
775
926
454
717
688
606
370
653
870
787
783
279
36
682
490
508
489
946
278
64
161
443
941
814
985
533
935
571
310
188
955
408
418
718
424
345
110
542
993
485
559
486
678
960
361
264
33
151
163
430
17
446
765
873
81
515
806
429
746
761
224
821
800
560
931
256
782
935
741
874
822
589
502
95
352
922
200
989
504
193
247
933
618
209
793
126
295
360
7
531
994
257
875
640
151
107
459
305
921
933
1000
155
276
281
513
174
963
109
52
251
410
552
995
42
895
891
982
202
910
259
887
373
39
56
513
401
264
600
624
798
464
368
446
75
890
948
162
80
288
117
949
359
990
5
684
967
211
733
422
926
759
323
972
463
977
938
42
976
732
56
159
613
792
592
928
955
230
113
332
959
18
184
151
975
509
898
881
594
23
688
621
278
150
872
784
481
291
513
439
994
603
326
725
117
460
261
851
773
134
70
626
282
17
7
897
602
78
878
170
898
619
889
93
770
555
449
829
32
352
187
358
143
881
941
75
787
708
914
941
162
775
743
738
299
854
143
590
180
125
530
334
499
574
41
610
32
38
853
79
228
955
178
103
902
146
361
635
786
485
881
740
558
978
79
464
766
74
406
485
54
616
940
697
2
169
703
735
509
803
162
822
176
550
180
396
649
461
219
711
642
135
630
474
351
138
424
5
503
278
177
411
396
34
953
671
694
598
436
558
110
232
253
489
753
71
202
429
368
526
324
593
697
332
792
950
597
629
549
174
547
427
576
474
17
627
331
270
323
555
894
258
487
179
156
835
956
18
569
581
944
864
845
288
3
310
629
517
445
397
162
229
321
18
339
37
10
435
752
761
787
782
372
210
230
733
62
313
824
59
186
303
168
365
467
321
42
167
347
472
933
547
766
543
351
123
811
61
41
647
722
176
351
614
470
728
618
383
156
449
279
909
552
389
870
488
443
175
370
447
774
432
325
859
556
527
947
447
688
231
937
474
694
523
529
455
881
605
689
563
956
679
370
737
345
322
834
552
814
912
561
160
691
771
148
270
701
896
298
390
394
729
937
77
269
859
556
920
605
415
639
203
838
755
183
759
844
467
786
930
377
442
541
332
939
249
525
42
957
382
561
930
561
696
341
683
888
733
686
651
175
453
669
901
577
83
682
304
997
78
961
302
170
614
36
625
408
927
929
922
582
941
217
667
774
924
171
594
641
724
8
422
821
667
171
201
622
925
512
429
981
904
189
227
454
405
711
123
347
770
389
655
985
817
945
948
375
328
942
284
950
542
305
510
129
945
961
107
201
83
575
705
594
551
274
387
819
959
289
666
54
629
31
570
783
137
646
654
566
451
697
299
995
107
751
678
762
241
501
510
211
623
55
232
512
110
63
811
329
836
556
877
817
431
522
283
935
290
548
286
895
45
862
58
183
804
162
432
585
18
278
413
292
194
241
420
431
914
505
70
963
17
457
702
763
250
864
219
151
213
339
807
566
433
396
415
851
432
427
121
167
837
922
248
491
803
108
541
809
280
589
628
570
843
65
805
174
150
878
523
256
332
508
808
623
127
252
670
179
48
263
333
308
574
289
219
361
55
287
972
788
795
855
291
552
140
475
415
602
351
158
570
767
295
89
840
938
368
859
487
8
577
783
442
584
67
657
337
146
310
783
833
677
536
60
590
885
275
837
148
48
395
969
153
405
277
739
552
86
900
473
151
773
836
297
526
468
568
107
907
642
413
434
72
360
873
766
166
258
80
845
606
76
830
446
141
825
304
450
322
857
330
787
891
134
448
886
359
231
510
435
775
109
946
719
9
649
895
370
535
55
425
128
435
54
937
773
7
363
875
48
458
445
466
560
382
386
110
591
181
879
125
814
420
570
527
538
941
867
643
589
933
741
100
922
233
438
209
657
264
893
817
191
481
674
289
293
131
536
381
228
472
870
315
976
244
94
360
812
962
582
951
594
196
641
615
363
402
928
256
513
880
397
650
659
608
572
206
822
290
396
297
391
305
56
920
666
171
547
356
418
631
494
906
822
529
11
172
888
167
338
650
134
411
175
384
892
834
186
510
646
292
414
445
14
360
524
869
240
578
529
449
722
515
130
1000
992
950
482
132
769
917
222
251
663
741
612
899
143
845
873
392
52
989
746
171
410
797
951
322
987
32
33
35
34
829
476
716
283
629
667
279
483
243
202
224
71
95
770
484
871
849
505
369
182
216
809
634
582
736
39
691
88
324
137
739
769
140
851
285
620
280
984
770
207
321
684
623
887
127
263
827
560
981
744
560
877
767
375
952
795
182
209
401
639
274
529
361
428
354
393
920
190
202
689
437
958
239
506
316
460
486
395
112
485
352
685
303
431
450
644
491
685
444
977
912
515
266
146
395
26
915
267
597
53
262
626
578
954
960
985
501
601
65
875
7
663
804
747
793
804
666
822
123
865
167
759
500
425
837
141
371
853
815
516
962
535
336
302
730
241
562
321
324
643
205
92
145
109
486
614
605
578
882
809
862
875
129
726
401
267
800
896
728
46
414
834
255
938
818
254
498
153
284
381
271
822
456
563
979
848
744
505
876
523
212
885
797
284
754
660
934
975
698
736
7
66
983
609
742
258
552
594
31
699
396
785
450
36
949
632
373
396
786
999
435
663
962
479
338
375
522
435
867
985
700
277
133
233
587
589
321
653
656
945
687
465
480
347
394
72
911
846
267
882
453
675
176
533
391
438
252
366
934
919
999
59
918
212
638
323
900
675
788
933
140
17
695
759
929
264
28
933
380
472
242
140
341
632
640
431
101
510
69
833
469
839
156
702
110
894
472
8
496
334
223
755
560
376
761
861
916
308
201
849
457
371
75
688
309
763
997
884
392
32
333
818
641
769
922
85
397
401
343
845
585
454
208
571
453
748
137
253
942
396
254
154
505
978
296
715
481
161
889
893
823
615
100
601
563
462
24
374
964
308
107
709
549
694
654
836
974
843
13
475
683
756
879
99
218
902
883
985
696
835
654
1000
101
779
31
744
372
395
648
252
466
54
95
939
911
217
407
529
872
329
367
652
754
811
752
69
832
136
44
999
909
261
23
225
312
174
4
835
174
217
708
790
540
390
38
555
437
17
364
112
85
281
533
710
236
266
748
711
230
3
21
89
722
184
984
861
754
588
994
10
80
564
153
664
992
987
36
527
542
187
559
583
12
572
356
964
900
156
63
634
613
66
858
374
662
425
975
622
374
434
11
129
123
568
395
370
689
288
777
324
216
849
353
586
262
932
763
546
560
453
191
783
613
554
299
420
924
593
262
97
513
648
250
479
168
661
401
376
613
10
596
605
93
613
266
253
315
784
810
334
871
121
196
202
859
628
433
656
361
613
915
722
591
110
387
840
788
342
21
895
259
552
259
471
332
517
466
943
444
476
177
796
417
663
29
83
908
582
436
50
758
327
364
477
562
130
1000
910
894
313
111
273
750
917
547
340
505
138
621
668
268
90
867
393
213
439
528
299
37
226
935
623
884
631
827
815
896
937
289
86
310
530
805
856
35
883
484
57
956
188
451
793
630
401
503
7
50
647
940
111
900
306
118
713
467
640
583
823
132
904
333
679
842
170
259
298
727
657
538
72
665
121
119
636
401
361
734
730
538
443
571
552
955
433
60
435
314
6
4
109
626
62
443
627
600
206
160
913
696
529
614
320
265
824
181
768
384
376
12
882
161
849
65
857
429
234
839
795
765
199
30
939
44
128
543
783
572
844
462
144
403
646
83
280
760
188
583
820
29
525
336
762
112
776
364
761
385
940
839
610
961
853
137
642
866
308
164
836
924
550
163
341
224
481
804
969
97
941
736
989
941
429
655
926
579
239
993
40
205
835
560
30
566
54
290
1
674
96
2
820
101
486
378
709
348
854
728
48
230
108
775
304
997
271
336
19
394
966
310
664
229
215
253
527
524
971
478
696
963
44
783
675
535
605
564
320
99
46
365
251
21
987
308
554
776
440
672
9
481
375
430
489
202
136
735
366
862
934
647
114
542
99
885
804
704
280
38
7
200
435
514
179
776
441
186
327
265
863
791
15
88
175
541
145
349
565
485
191
436
699
761
964
644
793
112
782
41
78
225
443
998
188
652
91
956
193
705
690
992
369
171
986
994
293
651
871
347
50
516
419
477
94
370
346
517
419
401
491
112
27
816
39
487
921
941
852
155
566
116
179
195
181
448
491
553
285
364
162
996
897
698
392
392
825
338
576
589
773
53
606
441
98
453
253
488
489
657
479
30
177
727
530
289
142
781
392
409
976
514
401
378
894
873
180
596
100
689
6
856
186
826
749
719
678
110
76
422
333
25
129
110
891
154
143
294
447
362
620
238
28
818
714
361
934
903
505
773
736
578
627
47
165
997
77
191
518
780
491
983
65
969
968
823
96
234
765
257
10
246
798
519
377
340
501
116
419
70
832
879
474
418
380
19
430
451
540
870
108
190
570
696
247
941
680
840
360
775
531
836
780
643
937
135
248
34
476
182
721
430
686
961
272
718
484
249
268
87
812
28
11
964
284
17
205
789
760
92
818
930
981
980
799
303
386
393
967
890
196
641
659
696
836
215
1
937
333
274
997
748
887
761
963
186
243
630
986
694
728
286
530
645
518
930
194
476
926
802
40
984
877
294
985
263
789
806
900
896
547
319
716
540
45
297
535
140
853
414
511
759
8
135
541
944
227
53
805
125
954
35
382
244
998
99
307
730
221
434
343
480
698
367
1
927
951
79
575
748
619
213
750
181
54
522
741
858
540
205
392
276
781
604
524
397
424
984
132
978
805
912
671
643
462
503
316
764
599
776
518
323
905
415
510
893
544
304
431
374
397
726
875
487
249
967
720
967
706
727
472
64
570
433
269
691
484
791
987
207
531
936
255
537
710
362
487
828
14
805
975
738
59
647
880
749
162
857
303
604
932
82
597
253
957
59
499
405
805
142
901
984
633
709
414
618
882
741
254
325
810
856
253
17
778
311
103
715
404
947
315
558
464
722
39
216
236
462
760
615
355
474
854
458
660
951
917
829
130
522
401
206
710
578
210
767
546
730
58
936
393
286
494
729
203
310
552
933
330
547
241
352
790
859
209
226
241
200
185
467
262
17
916
32
77
885
59
733
753
699
632
576
996
473
126
333
334
155
928
992
527
357
759
369
906
857
981
823
451
770
761
979
125
28
338
869
117
669
103
112
204
185
367
765
637
403
831
567
569
132
844
388
709
939
800
624
461
117
64
429
107
696
215
104
201
458
665
664
478
985
523
669
371
586
482
622
161
137
965
819
393
139
384
969
137
196
78
211
168
430
897
857
442
392
863
221
926
58
876
40
732
762
643
548
853
516
853
640
655
639
174
525
231
76
181
282
99
902
232
74
945
889
818
121
174
532
577
489
516
134
183
638
777
226
877
361
994
371
547
251
673
56
343
125
265
222
887
56
413
571
960
813
835
292
894
952
324
85
473
101
438
439
732
914
330
713
257
598
378
324
279
470
471
189
163
666
269
92
678
444
993
404
938
142
68
125
13
562
492
651
462
76
289
534
225
767
89
564
831
287
935
258
627
530
439
417
716
932
586
59
226
50
662
827
632
796
699
498
67
634
72
154
189
149
951
143
609
584
134
46
301
993
558
333
86
103
838
811
231
668
18
274
920
126
590
37
947
623
683
663
540
251
570
333
428
289
233
826
695
606
577
760
271
680
908
986
94
81
400
468
953
873
798
887
600
623
698
272
37
193
971
458
680
280
241
253
332
888
419
407
251
114
712
927
565
867
683
820
738
928
134
102
684
315
161
900
170
554
966
184
256
135
18
977
726
365
971
117
579
223
516
815
592
125
33
769
367
56
770
98
644
429
588
777
683
716
784
834
485
240
497
112
246
236
780
609
708
741
534
95
933
233
466
236
663
612
425
587
385
996
988
870
309
116
409
14
351
126
987
108
863
710
732
403
325
916
281
985
928
349
640
412
229
710
535
389
632
360
755
595
802
59
581
980
137
287
532
234
89
446
906
101
285
306
76
231
411
236
729
369
524
186
977
7
610
282
603
946
37
12
454
635
314
46
351
560
49
657
764
42
796
679
747
515
501
855
761
509
23
729
373
317
209
821
209
89
312
114
357
868
681
870
268
987
492
285
528
695
448
562
291
273
517
858
331
887
843
407
714
706
597
856
418
192
667
189
767
759
755
476
899
996
656
177
447
764
258
518
271
423
374
743
384
147
138
207
322
862
2
626
856
954
29
187
652
620
127
22
176
597
110
905
709
916
283
312
528
401
147
897
193
758
777
776
954
825
446
494
886
418
674
12
778
268
676
855
33
321
674
420
273
762
462
226
651
773
477
505
71
831
818
502
424
247
307
216
808
502
383
880
438
674
981
878
356
169
887
377
254
343
466
360
657
947
339
247
709
732
651
606
96
187
861
286
174
970
762
943
329
255
501
779
873
970
597
178
989
869
730
35
831
419
238
365
782
951
501
554
253
708
345
534
265
534
500
535
833
374
502
260
717
83
451
682
231
413
788
845
709
838
103
720
884
109
71
712
285
333
901
974
558
988
964
591
863
174
315
740
642
55
197
50
148
138
251
153
321
865
139
549
310
615
18
956
251
997
358
533
544
280
286
999
633
144
115
711
482
287
597
655
43
51
340
849
652
244
315
847
232
91
429
244
79
367
38
715
852
257
368
437
452
454
782
291
172
197
949
722
689
617
561
945
501
134
875
754
690
279
869
252
446
633
837
55
89
164
831
811
551
528
221
70
100
304
386
244
660
162
439
804
297
633
712
650
345
648
114
112
511
643
463
63
521
876
89
361
695
783
56
824
278
399
806
596
871
559
112
495
95
117
323
342
873
473
737
144
685
175
90
927
491
746
93
767
730
814
415
765
621
2
186
734
627
652
913
749
873
429
32
824
875
539
561
24
947
268
478
983
266
258
783
887
422
422
689
176
587
71
264
796
686
83
761
805
494
220
521
483
429
354
711
44
918
487
214
548
440
704
892
420
508
328
185
997
431
8
94
202
869
751
622
282
173
790
498
133
867
884
760
47
514
714
4
296
752
456
340
7
660
179
588
163
714
721
294
986
448
420
974
425
386
465
248
85
699
541
677
953
446
478
878
316
224
740
313
468
424
194
986
271
108
661
810
417
483
802
853
570
139
987
121
401
849
897
702
195
929
520
52
24
725
12
202
118
316
956
40
981
177
294
539
243
492
294
93
669
178
229
191
91
655
496
924
907
518
913
637
455
383
828
629
892
560
753
561
633
615
555
671
682
489
232
174
964
998
639
294
894
576
544
333
820
11
351
405
361
93
351
133
253
565
703
486
587
406
22
728
959
586
628
577
241
274
79
188
40
211
174
490
327
310
271
246
772
260
515
959
276
663
995
786
895
605
813
380
775
331
253
392
68
786
7
56
284
130
2
662
895
321
201
865
233
158
937
509
63
59
770
842
224
76
21
74
389
692
48
902
596
390
839
759
464
473
407
542
887
584
165
961
325
453
779
407
873
760
654
499
871
376
907
780
477
847
733
433
290
738
968
418
75
552
619
357
61
725
907
587
22
404
645
876
542
44
713
226
356
521
143
701
756
758
845
688
525
20
746
164
5
3
513
698
848
873
372
257
512
331
643
213
537
644
837
148
773
878
525
69
958
35
697
582
245
575
888
989
50
185
858
978
490
462
752
955
480
561
104
575
97
867
228
92
438
889
674
947
409
35
980
873
768
642
895
420
64
170
24
635
262
439
212
714
923
317
314
984
643
111
627
354
996
230
600
775
15
493
611
399
310
617
493
853
932
83
414
543
972
835
28
897
301
399
782
357
936
804
67
286
151
734
56
26
535
661
634
352
361
901
452
94
98
521
704
27
226
134
776
941
414
312
65
626
940
314
548
525
156
566
886
955
1000
275
23
2
223
891
957
525
711
487
384
440
677
155
623
986
954
491
845
97
52
879
57
11
970
365
725
450
141
614
520
861
109
544
139
682
325
223
163
627
436
608
678
952
860
260
603
727
181
603
716
654
117
229
799
451
613
173
266
63
292
321
523
303
343
43
941
766
127
487
338
807
24
32
75
573
479
622
353
527
479
532
76
736
234
732
528
931
49
369
14
19
490
256
941
743
127
131
9
672
279
785
526
321
4
320
327
217
5
19
686
624
962
707
395
930
240
564
911
277
609
515
943
731
709
606
241
873
529
279
347
744
589
815
507
800
661
658
36
962
146
503
948
743
415
470
869
630
941
151
215
102
589
232
393
643
116
810
373
569
351
336
107
167
896
112
531
489
838
265
77
788
329
823
210
679
423
556
939
765
768
466
560
249
654
55
940
382
1
182
675
20
833
862
220
44
548
435
100
362
469
18
473
389
716
564
637
153
777
42
317
558
489
418
12
254
507
66
463
32
115
87
189
393
622
95
400
439
477
420
123
656
938
864
860
26
502
281
103
600
288
122
831
521
414
938
496
486
896
164
783
344
519
686
751
96
379
89
321
496
417
818
571
188
255
343
500
337
970
816
375
28
610
367
520
325
258
142
391
574
108
58
680
974
523
685
469
133
430
907
539
758
335
787
162
927
874
619
382
84
871
93
735
522
6
957
95
81
698
225
649
448
901
924
253
507
811
339
616
270
10
626
718
444
749
987
176
18
687
910
933
127
930
194
963
857
908
151
947
914
784
396
914
711
238
990
621
682
990
341
190
535
170
523
694
452
169
509
345
884
366
713
746
852
828
386
663
657
660
392
512
775
800
472
801
847
833
695
676
551
253
437
636
685
722
663
838
499
925
637
963
413
901
239
333
201
431
112
598
978
488
186
199
429
406
815
355
487
644
254
129
555
38
132
443
104
85
134
109
109
850
802
968
294
55
889
197
1000
766
343
831
884
843
911
767
229
375
4
429
678
55
521
642
363
647
973
466
568
170
615
243
228
979
291
197
648
998
124
431
249
69
50
782
200
600
860
632
881
146
719
123
454
196
19
576
601
93
32
135
900
782
903
600
281
526
833
321
541
134
333
471
731
638
669
343
375
96
936
511
699
587
859
150
934
961
644
596
46
447
824
404
484
769
509
599
315
865
599
675
716
996
363
88
841
326
53
891
18
905
704
360
904
881
15
17
384
246
602
555
664
265
513
323
787
866
628
663
777
148
697
246
271
335
843
770
118
657
123
87
216
823
150
882
882
79
565
73
505
489
467
648
925
558
53
881
743
968
767
274
942
866
207
800
169
660
614
934
643
163
480
669
385
227
249
273
90
503
41
398
641
695
899
441
244
156
621
257
257
436
646
695
399
735
413
282
127
599
610
804
302
319
9
677
45
127
934
122
958
83
647
272
352
241
110
283
284
450
670
815
86
759
51
356
401
792
831
818
449
200
664
85
894
470
169
48
973
772
70
521
272
459
729
145
3
614
776
175
509
197
85
986
472
848
701
494
762
95
355
402
41
432
898
652
149
325
657
99
179
674
605
38
605
569
986
455
162
128
417
847
404
222
806
725
588
644
790
715
60
180
36
261
126
610
213
358
583
918
64
280
206
279
595
163
952
938
993
495
164
409
197
34
591
602
191
280
821
735
277
520
196
216
93
245
293
43
14
411
744
488
231
778
551
983
779
692
409
61
479
67
777
58
80
141
189
731
540
194
889
474
455
916
897
765
756
965
253
949
548
684
633
406
470
168
44
749
480
795
493
646
249
375
478
398
628
981
725
588
598
665
570
382
912
770
873
1000
813
612
496
637
443
228
125
433
548
880
282
879
170
529
569
86
149
671
198
549
57
306
532
779
854
667
165
843
79
542
325
117
594
768
17
493
331
322
439
207
320
164
759
368
761
183
280
323
773
906
788
981
660
76
576
467
648
557
116
807
164
292
51
265
316
787
400
831
122
72
938
552
462
64
833
742
13
896
3
72
898
81
721
443
231
495
650
354
808
139
88
669
452
965
682
368
745
753
299
414
800
427
118
234
502
764
898
326
396
616
715
240
565
113
803
173
981
299
365
633
37
191
707
335
849
93
440
804
355
158
895
494
287
362
348
592
203
737
20
613
892
949
403
531
737
286
108
965
89
499
721
833
736
159
441
118
724
382
28
377
596
77
849
668
176
792
864
738
730
921
612
595
418
974
958
101
417
181
871
902
356
168
200
256
491
956
876
592
922
783
388
191
623
616
983
227
611
374
455
171
770
519
948
236
167
197
77
407
410
31
328
999
529
537
283
928
783
59
859
924
230
530
663
583
117
117
709
961
806
835
732
253
479
106
38
155
841
274
551
463
793
185
255
30
659
996
422
11
819
52
41
628
577
277
756
252
852
673
391
577
195
882
946
51
452
175
478
413
7
695
310
360
215
494
344
512
502
421
71
210
855
789
597
697
424
93
786
65
644
148
533
943
841
171
727
231
280
199
742
704
880
194
383
804
705
524
661
688
989
277
196
984
236
331
287
625
980
440
513
796
824
974
86
686
143
511
389
460
412
300
802
120
612
188
238
969
846
386
744
859
700
978
712
951
391
57
935
50
581
479
777
966
632
778
628
127
80
782
464
139
448
182
581
772
550
322
174
401
845
71
3
713
425
776
487
28
288
668
479
338
239
408
671
750
638
580
920
475
466
405
110
188
246
863
637
240
491
365
173
786
122
199
517
802
133
396
351
351
42
440
122
308
743
440
123
384
325
485
684
247
700
327
938
499
362
963
993
561
190
958
846
513
687
391
978
586
1
925
684
228
724
345
56
437
664
808
995
110
593
493
91
100
822
206
104
18
518
825
516
529
329
451
449
158
520
361
800
413
199
214
73
412
795
853
555
336
491
642
832
828
413
731
471
33
853
954
320
867
94
538
235
706
38
147
791
415
890
391
704
910
96
918
766
385
405
730
18
128
619
275
305
51
862
15
406
393
899
526
360
203
865
682
573
889
173
330
423
223
214
9
169
787
351
332
21
91
986
953
349
463
968
294
709
44
435
136
699
747
124
817
121
194
943
675
743
246
305
717
77
303
42
280
649
450
104
443
378
533
180
717
41
497
164
36
972
808
73
614
657
987
245
954
625
844
473
317
774
78
541
240
126
916
422
159
453
905
286
319
785
496
65
17
104
40
674
68
295
636
596
394
991
735
254
948
677
425
47
268
21
297
340
208
67
69
265
98
519
866
76
338
234
971
170
903
342
40
286
23
477
187
578
749
448
871
112
713
366
788
281
924
148
388
421
970
207
665
32
499
945
786
827
895
217
758
663
773
948
721
331
620
828
702
908
507
296
433
944
542
998
360
648
220
143
978
564
201
594
882
85
574
205
715
676
538
31
115
465
242
171
739
520
249
462
260
68
547
923
588
440
794
56
238
833
420
363
253
402
179
49
746
117
808
242
454
329
307
892
359
451
385
829
68
926
317
363
49
480
457
292
651
693
564
148
733
788
610
440
170
587
228
637
166
581
50
900
755
989
309
448
342
945
241
133
458
752
911
821
595
831
445
60
466
548
767
119
786
368
318
365
824
961
766
188
481
25
953
631
398
526
317
756
866
20
385
480
546
990
543
907
319
271
481
905
373
420
389
643
692
818
66
450
817
282
92
791
405
184
736
464
962
614
517
193
563
298
81
936
825
39
953
642
290
972
731
239
74
832
259
166
190
154
973
827
652
145
996
591
650
225
809
567
708
372
811
730
539
995
482
502
634
776
942
10
626
190
273
431
764
258
424
131
758
497
177
10
771
1000
184
463
638
233
371
850
241
911
691
426
916
457
998
690
209
234
56
683
481
285
905
37
884
820
451
387
210
958
948
987
76
622
500
691
12
310
417
608
44
991
736
398
508
391
192
782
680
769
587
657
169
802
158
519
859
750
951
833
585
573
369
316
928
79
112
652
125
644
961
379
35
160
244
274
502
889
417
285
680
918
837
837
810
898
20
582
917
547
611
971
354
996
894
523
113
618
621
137
113
162
895
829
580
637
344
463
932
373
559
181
948
359
827
152
388
254
268
924
815
595
424
65
524
438
179
229
377
348
57
664
818
636
641
692
472
671
548
4
347
753
209
620
206
837
799
851
666
551
459
317
755
313
719
388
314
554
821
241
622
105
579
545
473
239
55
869
343
693
706
935
915
121
654
340
833
373
622
792
916
442
802
557
341
717
212
504
234
198
139
525
849
394
661
748
229
730
606
157
370
111
226
552
49
64
845
401
42
138
372
503
909
934
455
900
309
483
361
986
456
638
503
524
610
843
992
669
672
638
829
60
801
796
722
492
619
51
399
569
384
833
478
8
381
209
61
867
509
551
49
899
673
709
416
783
493
61
491
757
92
564
218
762
45
26
679
287
466
217
337
326
43
799
214
463
514
442
779
116
899
853
822
947
680
274
280
43
247
305
383
300
622
472
197
247
805
47
13
176
768
278
560
817
226
782
987
542
15
656
546
607
177
342
329
488
89
971
67
379
133
122
227
266
758
45
798
876
816
47
902
948
629
382
689
263
650
1
464
171
26
826
523
956
725
62
515
241
255
900
597
413
801
521
855
468
389
582
251
769
450
607
703
138
971
692
164
755
713
482
244
365
168
222
319
539
976
551
691
511
763
181
548
601
619
922
725
448
698
492
749
672
301
997
460
171
518
255
373
418
90
217
268
222
614
87
158
927
955
181
897
498
987
823
441
707
317
800
100
632
686
847
522
476
745
159
528
791
63
758
657
888
699
955
546
682
76
901
823
582
639
380
588
287
174
358
484
886
900
398
56
118
937
402
305
978
281
809
156
387
613
844
329
354
171
950
67
111
283
812
864
908
450
134
23
743
652
502
977
977
217
671
438
709
141
355
23
344
484
978
678
805
536
646
164
848
834
278
120
534
283
73
821
660
383
233
76
720
296
592
377
495
386
79
304
317
342
517
981
976
841
541
961
959
990
779
208
115
73
274
476
221
157
122
492
41
671
306
188
433
708
714
828
556
708
256
108
279
887
729
813
862
587
751
292
5
378
133
777
134
958
494
640
242
623
654
665
949
812
373
293
118
997
841
435
90
444
940
164
665
842
711
851
828
763
312
384
342
374
410
329
244
364
566
347
824
468
231
268
732
44
993
318
603
340
294
125
702
446
488
907
414
409
734
571
626
182
881
914
837
191
373
396
402
279
621
349
416
823
644
352
214
197
935
849
987
708
713
782
716
344
299
787
731
963
532
85
278
33
314
930
916
23
57
701
942
164
335
852
277
928
374
955
730
169
88
58
802
284
551
559
177
678
256
955
932
310
824
781
508
980
382
763
451
583
623
272
492
556
634
871
820
414
558
843
687
245
930
723
800
880
186
534
13
783
10
964
732
14
312
252
521
274
331
878
248
413
636
195
941
310
124
122
975
835
816
801
111
737
769
411
307
528
159
298
354
685
937
877
43
966
640
338
278
944
921
521
321
748
228
834
233
472
928
754
789
668
16
367
729
471
356
318
989
770
371
680
915
407
214
453
283
996
782
31
653
496
38
833
217
784
694
357
801
745
957
622
640
112
201
441
838
855
747
361
469
735
853
990
985
778
787
51
899
349
203
910
538
210
463
784
848
594
117
665
784
494
472
330
188
74
685
190
952
750
592
245
640
15
517
395
829
764
323
899
800
105
490
816
337
956
267
845
679
503
289
753
445
987
964
263
647
273
692
50
200
283
968
844
157
49
772
776
806
866
339
20
475
600
669
996
80
907
108
51
606
845
409
899
270
900
777
667
451
97
405
83
92
357
980
117
107
621
965
926
22
683
262
132
215
548
303
884
36
714
509
345
825
824
655
696
141
812
507
493
278
814
855
873
235
825
586
624
431
618
214
491
386
21
499
935
582
311
404
641
211
242
870
54
537
836
529
864
40
536
515
30
606
792
871
504
618
254
738
572
65
850
885
357
150
392
618
192
907
346
670
410
368
701
135
403
411
891
378
843
498
652
681
746
429
227
28
97
422
28
851
649
904
106
204
133
252
230
889
206
227
146
660
179
67
328
491
500
313
181
919
374
195
640
199
130
766
986
81
803
935
652
84
471
303
494
383
254
535
437
933
145
977
385
80
542
644
610
643
48
257
327
465
954
198
379
286
444
992
977
408
332
623
728
677
355
528
106
137
800
898
201
767
445
547
420
818
384
599
461
99
849
120
658
449
374
672
407
374
978
388
71
505
323
151
525
50
726
74
82
621
723
10
116
626
939
598
976
897
715
209
378
99
654
151
270
478
633
484
416
909
498
513
208
365
898
974
788
364
206
64
336
670
961
704
879
51
452
308
403
462
776
881
354
143
773
100
501
319
925
249
139
886
115
899
394
614
640
111
833
51
375
502
703
786
285
754
14
600
974
17
854
992
4
668
94
490
169
461
128
963
486
747
800
505
819
564
898
919
157
402
148
756
747
316
563
813
648
861
535
832
299
209
424
271
713
719
704
455
90
633
988
247
53
367
628
368
526
965
370
765
894
295
724
322
911
255
469
280
404
210
358
391
49
432
506
260
273
876
899
348
958
363
417
852
687
265
660
635
741
396
574
302
425
149
51